This line is a comment block. Write whatever you want here.
This line is a comment block. Write whatever you want here.
This line is a comment block. Write whatever you want here.
This line is a comment block. Write whatever you want here.
This line is a comment block. Write whatever you want here.
This line is a comment block. Write whatever you want here.
This line is a comment block. Write whatever you want here.
8ab19ad64c814a13a092647bd0bb21cb21dec2e016cfa00f0c92a8c253c8b895 6 6 985 31
f370f9b82872c61b505289968386998817e50d2ee2794ae3e3f187182bd84d61 3 3 410 0
c795ca82270f45d030634df536134067a075a0e384099c3dbf3cfd5c4faadbe3 107 43 1437 273
7321f248964c80db40a55efe9ae1759c0d759198ff2854f8d7c572783106631e 4 4 551 3
e7145787fd54163c2f1cc8357d5930dae50dda0ab8d2b747e913aea4a4577315 25 19 1937 1188
1eea4f42ac5bd6ca770316826f70c4c7cacfe284ca4ba35ce11ff7c5a18f5b68 136 131 14736 3853
a6e06b8c10e12200fa53518e2d982058c037d8de55eb84d0e50ebc5cddff32ca 26 24 3102 162
a4d76dc05dcd704a56bfd0f5ddabe4497736ab334f4b0e0ca1fdb3c373f8ecf7 62 62 18009 4507
dfaff51d8cd15e500c238873d6ebe09c399e363be51b388c3e400b37129e08dd 46 44 2815 1435
5a5468dbf2a7edf177b584627dc67de6188a4582889c880418e883f2cfbb6235 27 2 12 14
bc73d1f33c11c5a4f1a5b2f2100aa58ab7ca7467efc36d034756cb22d1a1a9b2 262 36 376404 13506
6fb4d00d5fefc2e4f066a8b22d588ededfe0e62c508c76ac22dd5a4d84590275 98 93 41668 1885
d4715fea851095529950120b02dcefa4143ace9f3ceea602273c80db1953ea8a 74 71 11482 1704
c687af0a09750b79aea5379895cc31b6cbfce829835c1baa76e975f1b38533ac 58 25 6577 221
86f69b61163925cf4805b65919bed131cfd8d65a5e73b6b2193d0dbb2adef9ee 14 14 42840 21204
ce7ba2a7ef5d4690f4e50a5431c8893bfdec7884fd9d606b5344a9e2155d314f 12 12 2185 1100
dc990aab8be123af528abba6d59078247da2ad558dd5a667cf7718d2764097c2 3 3 513 0
d240cc5a26339b7ddeb406af817e829338d161f5ef567a0808a9727b9b3d5eea 524 219 3264779 1413173
e7c205e21b14ec16892077be836b75815f966733d75a279e005c434cfc46bab7 135 133 45998 16460
2ff40c4f27d2ec8c1eaf24b4746259d975c06f2590202baa9cfb696b15acef86 49 49 12232 4495
5d3b5d11320ff1b2573f9aab802dd39845e4d3939cef30fe76ef69f2c33d4088 85 84 23663 6469
daecbfdcaefc1eb33c5b5a868f79f5cf7d2c84c05764edb41c1470aa034ac2d6 0 0 0 0
900b43ca58f674eaa0cdb52472820bd995a170fdf48e711de73d4556c3cd29f9 42 13 2283 880
55ba22ef54deabe8cd6620cde8a67f5486d72625ee7384b4235a1822a6312b39 164 164 22480 4781
e43d2709c6863114a3b33b22466b3e682ad8061a3ab840de54f805a751153f1e 116 112 28073 3586
3ce77a637df97c22cc6dbd4ccbce78ee7c4fb21b8a75f13a3813bbe475a2c172 5 5 7607 76
62961cf980c76bca37dec30505b7d240cbd3b01b4232e1fa3746ee0e6b9b9e35 459 83 50635 20061
8dea31b970b0029e1295f846f53d651204e0045e8bc474f285110196f3882d4b 177 175 80626 8258
53ac10b297e1fb7089f1af8932ee5f4e4a914016d85f2c08f4c71ba30975b028 93 88 26235 7878
5a9553318b6354c368a2ab2b60448df70fdf371515059b0a4860435b1edc4cf2 71 27 916693 31740
df1672dbaa8a7f7f704f749b262b61f37e38d61a244c907e8f50e601ef2ef4b7 175 136 128892 35302
4bb904aa754e49437da29d9cb298b987d63feffc123719a53c2bf6271c8c6810 58 41 73154 28532
eebefb2c17336d39430ca9f1f4d78174b8d9ed3af7c0418b38c90ddc738a8c83 13 9 9311 329
0ecc9e30b31145c7759da7fc309c8a95a93dec1fad3b2a8eb7f4fe01421a5c5f 54 40 23413 13132
fcba44883b5421c7e4dc6b13a3f62a997bc4b72d3914cd8749775308a01163e4 3148 0 0 0
fb0bb8b750a13ec6fd8c2be5f918cb5186c2a6b2c98598bf42221484dbfc558e 27 2 19335 8624
3f988a73209de877b4567a5662d1956b4d2796d1fea36d148b0e61f3b16193a6 2 2 10735 143
ab3f53449b7a5343809bc948d46220a8a8cd14666a65f306290cac652bbd0442 49 35 41784 62844
b3cbe0da1888edc80b74dfe6e0d92d22085dd59f6f72de0a3bb0105b85515d95 324 51 4104 541
54d948014b25cb0c21b525be6a34865c5c97f71b3bc5d9042d808db76b3468ed 28 26 1771 179
548adb171ea46279c345f062d46a4ed1d027437c1ff34035f2dc378512a7a62f 132 128 23725 14147
c3b04f8accfffa2f8285f343f31370fd1b015759269f0449277562bd1400c739 8 7 37601 831
8c94dc085a5144648c85a7936531542e65cbec6756da96f2bc8756c2739de7ea 148 144 51614 17795
1931e405e43725d4496a4eb20fc344cc3431b50fd4677a6938402de32d7d0989 92 76 64934 17036
2dfac2213bafe99d5a47290df54a4166ebfac1ca644da51e859540b8db334ad2 206 203 230881 164480
f9855973431f90ca2bc5aaf26fdcf67a43bf07924ea35f69badbd96aac78c28f 36 33 12904 5726
d1afd0696547256d6675a47bc36919db12b25a3bf23f7c400b2e1ca7fbe41a64 29 25 26610 4904
4a1965db85b82c7a349502bf882ccfde7d9f0cd2cd543ee910c21da6ac5cecb5 70 69 61768 21259
6b17c2eb2549f665ea9b3881259b66d49d85ba466baf05662dac46b0e11e0f8d 2964 0 0 0
d14ffd1359f96a5523b7b76e5e48d273eefe77f927f9e996a8a82ac2a78821cb 31 28 5179 749
9e44bbcccb765b123b6d491fa25f225a0237f1d040e5e9d4930702a6d42621ed 67 66 21819 2448
cf66e7d52a9ebcb94b239c5437086423958d8c180c9151836ecc47d95aee0fab 36 36 18547 12382
ec79582c3f977e29fe9e3d9e050b57af040eb1f04da49686d15f6de43f75adbb 91 87 27783 6910
46378fcb7cef8f19bf171ea177f96bc7393b7bbc77333a1653dfd895cd78f4a6 22 17 8987 362
de3a758df6764f515c463d67a2093fae1ce004be1999af1605b520adb4c03fe2 13 11 9441 244
c6325777e57e375f4a1ea3e7ce4b77c10a4008e19d7a80d18b5b1becc19f4664 105 92 46110 5958
328d94c6bef9e5b971074de5e41e9edf5e278362b4196ee45667ce4f405ec920 88 79 19970 8697
2cf06f1e20fcb6c4b3a8cd91978f53c8c0dd945abe40d5df807a47d762a5fb29 56 54 15172 4109
97f83c7e04b9788c9543ea309f4b974a237e3c8a38d30da402bcc47896a9a074 29 29 19321 13142
a8b566e80487c216f7f269bcf5a96ddf9a8263e25c1987cc44a16635ee5e6a4b 46 0 0 0
6586eb67d1c9299d6aa95cc965f56cb47b9e7c0c82c12c53e0bb43bcd364da4f 308 308 333484 17507
afdb690fe5bdd1638c15cee52640c73a1aaba275de739d6f5465a59c41877ef1 153 141 34691 5297
76b42ef953c72032bd6080ab196df2494cd286339a07481e306e747156110f7d 10 6 4613 726
49076d629da6b618eb7afce70f90c05c13e02d02f669f042be38dd475962be74 152 145 56725 17136
6b27884c5630166ff02b8e6f4e01f643bb16d9aa28d3b20f07f935a6eceb9452 64 63 32568 4504
b3220597f3347b0da5f89fa03cc121128fc68a821c06a35e95c96cda20d1b48e 24 24 8464 867
285b2cd5c0192e133dc31b8e4902af63c7abcd6d51f646053237db22574d7716 21 21 15633 1558
fc84bb2b41be19509d8db816a6c36f5e5a730eb30e2c056bf71505c86b5440cf 44 44 25247 5139
35c8c66560135878f2719cb83b12eb6430f83a55580b56e7549e544282a61b78 69 67 22442 14243
f1c6fde13e5653ce429512bfdb903a24f581b8abded4e6975695bce489069b20 40 36 23028 7628
1f45a88b233f5cc4c3a3491979d501d20ac81c8eae2d7700653f26bd1692b631 13 12 13077 420
36955b084330b9b8296a9236b575f8de9acbb85c59e6e19bd4de47a71620f6f6 10 10 56722 527
1e4785c59c1a6a1c3d9eb203aba3a33ff2f1cf2f8e9f13208649fb8401f5c87c 74 67 27485 5322
f1ee44a5b0e64325242f4f59f0cfa56c74cbde093717956dd3d2fa1b963bff79 236 229 1064095 319446
f081da6a17f5c82149270c46ead9d8fc25fba34487fb43a6ba75595cab39a259 206 189 484004 104868
170eae1bcc7eb122861b710e46f52e513489982fa49dd02edcad00a1e61f706e 2 2 12470 1704
e5511c16272eccb550cac4caeb7f49c3ebf90c433f5e31cdb0341e5715fdf3c7 53 53 74244 2006
be054235f5e0c2da5aa69cc922b86f4dd6f049c56f394af8d2d16372d3f19d62 7 7 3277 18
b75937ab05282d9704b22fa2fb9aec7518e8fdcccacba0b8aa7b3556dd6f4401 104 102 29217 3347
38e5eb65ba46599b3aa9da5e098843b29e8b4fd15c4de7e3c8e89bef1064629c 270 232 110832 24859
6b12fec49af7430dfcb4e6a9496e98e2131f3c06e28faa41be4fcf1f1c702f46 237 234 57154 3454
288f82b97b3ae485c6036d7733a063a2f3e88f9ee85d33ff9c03350f78e9b5eb 22 22 13121 2383
59ab24b52f402ccf626caf4dd16be19119f2016102927fce291bfedc18efed7a 47 47 10361 2463
4d1edb8bd5d880c79597da26105b6506110330f8854ecf8bc8a2b3472285693b 121 121 57034 16325
e851561e3a7048cad12731ea7265b8d2795a187a6459b16796a1e144254ecb1d 26 26 26864 321
685ae6b263204cdd89ea35a32a59bbf45b9d2053443ca1694721421bde57b00a 0 0 0 0
9aff70b9c2d465ed285f5c631020e92df13871c4335c4446d489a40fe1e6b1f6 90 90 14188 4176
742c9a98fbd41695446506061ea850e4df0f0e2b50fcfbe88bde65c7c1fc9db2 83 82 57690 2354
b0b8e8c64bc1466187e430fc5ac6e21930bf32a27dd45ffe7275e152adb72ac5 116 115 43211 3146
5bd51cdcfb0ef97b8368f2b9009204842805d11f99a23c6cc82213f5b628a3a5 98 92 107250 63711
451eb8395c71be3802afc604ad6a17cdb100a4483b543ec15d6b33b628649909 4 4 14387 3566
b508c10b6e00062e37cd69f5db0e1b8fd629a939828e19e436afb289cadba435 69 57 18603 2107
d9e3f99941d2268f9c5752e4a77f14bb50679fbe019b62cc1171dcd32fe266f4 42 40 1489733 518963
eae19d82031d8a169032294a450a8c53f54def7811a71abb2bdd7dbb350b9d61 82 82 40172 575
e32a0eef96ef441ad75da64a25f8bbb7f9cc8ec0ca80c1e0a40f031940113889 2 2 31455 6
0dcab3277004be5109d91ffa52219ae45ca3a4b53444b3b7ee64f2e118ff1190 81 77 9105 1070
8019c5ed2aded16f0f3b0897130874a1c885b37be18e7015f5ce9f0713cba8bd 21 9 3851 3067
5a1dd6f1f2693aa2ae8ba016c5ecad37e940f4e54de774a9f5b10cc313e622e1 29 22 8937 8926
fdcbe367bc175dd35e617f3dee1aaba62d04baa4bcd57da5e49531658726cf24 352 180 18711 11954
174365471d709a85eed0cebe0c7e05542e15272680ec2b499aaaa46df5fe38e6 92 46 6180 954
d322913ea52da224519de90146eff3b1dc564fc15da65074536b90fec018f7ee 542 519 90715 6499
12b3bfe7a046e36dc5e3b8041867e97502397b141fbbe636e9c20674fe085879 177 137 61101 6204
286f095e681ee34ba09ee85880d84d3278473d11b5c5b370151a95ef491e9c58 128 5 476 182
fc5c12a2fc5b6b36695d986217e91e5b8fdf136052e22d08aef140e2ab1e31da 3615 22 631694 0
0d38e46522fba15bd8857d5c5a02f590c5062367c6fbf35accd3334344ab7c3f 147 147 29299 13391
d0d48d339aaaeeebc9b4559aed3fcc6ef94129376a8cdd94390b966fe6aad443 2 2 3750 1
de04703b52d8d909073a5c089364c884f646e5b6796b976e2a917f455134e82b 1 1 2270 0
abbdc646dcdf9b65d12fabd84889b98af06a3c88e96bd59e2b0f232fe758c71f 16 16 403838 0
730b661652b19a50abe9d94b9fbf02dc1b8152edb695aa76a34124db033992eb 29 9 717 185
7f1f79c2b215b29005a671ae67c4b6ab5ef1f0e237bf7b67313307253db07477 25 25 12054 7343
0a8adc73bb05d61644bce4ae39c18bfaa6cad20c998086c5bfc7827b4c0b149c 31 31 12701 1114
468be4860662180aaef698aff1ae0a5e1be14dbea20e433abc5bac01efd0755a 29 3 563 22
f5e6cdf471aa74ba1010eb9e912d43520f41fce5386255700844ffa3d407f8d0 8 8 2512 607
fdd0f60216c0ff2645f5100123fa8cdf14910e196d39908073f99e872a93f26e 6 6 592 27
0104517a711b62c2aae8c2f95928b6f93428ea1312d7c7bb5780b62234fc087f 47 47 9940 4088
a9900adcb9a11649e1060294a6904ed9445fcc8d50f184ff419bf2e8a210b5d4 28 28 3692 2311
c6f339e6e0b25f0d93a4750e41920824957be7588c292d8d77f1f55037a83a95 48 48 8175 1020
86e7232b2b14dce08074f80b155c8fc6d088b66091a9ad7fb9715e9149ca064e 51 51 6310 491
66cf5b2d449f3d7b6719e5f66593660a08095ec85915693d672f9492ada9f8e1 17 17 2761 109
bca662138c1d1ef916eaac3bd7fffe6fbc7c3c1fd18211994e35edab29a7deca 66 65 16457 14599
59def3884c4513a9253d40dc1c1899342b11227f387e2940b661bfd203db80ab 7 7 451 4
e51e159714af4b89027328cd1d71a33118ad90b8031ce7e8acb32f3f932e7ea9 6 5 781263 209
19b1aaf712e3ba358aec4dec3a5087a2d7c8e019cbd0273c52e298fec3f31251 1 1 3107 0
8192d5aa763013bb298667bad83714b5566f8ebda4bf775b19ed7fb7d7e2e399 736 735 136520 27036
30e6424c76f136968d482317ae72c30abc5e292d6bb58b128bbbcfa6b871dce9 45 45 8039 826
e4a349b75c9324264b29fa232a26641c5e325e95e33cf6fb75d50940dededcd2 102 96 49391 3178
ebfdd27dd39391cf2e2792bef74c0f71c6d3db2c0ce4822382b915ead0b2c011 271 265 64374 5957
c5369a453e01bcc90e5183131d041fa65413708a423c58b410b29b21e6968c9e 6 6 176528 366
08caa8aae3cf11187c99fbde48355fe4dca699acb01fbfeff47fe9981f9c6b65 3 3 2286 0
6338f98b42c96b6dee618bf45ccfcdeb1815be766769643c1ae9f02ff61ded86 586 572 267053 67638
9ccb43c26c7365b6e08dd8961ab92493391697f12918592bc33e58ef9edd361d 91 91 85635 2198
b90b76f3cf9154c265f044961d3c68936fd9ea1332adc54f4f6ec3742f9b9965 1 1 120587 0
1a6fdb4039efc6528b10c64cbaf303d30976aacb6d2e06c47914afa1b1b7de34 110 106 18013 526
1c2fc5c337628d2e24c6557273de9a54f5cec4539a9332a9f9fc09c55bd3010e 31 31 8631 189
097ff71a6a5f6e0c4ebef29abd145f487f9ae48c60b4a321add8e6c27a4527bb 29 29 5800 238
99d15099b887f5c722d4e86fd4fa119b72b2adb0c66528da076192bf847e484d 48 48 18115 1659
b91b40d444b6998142b8a41e09d5e42cd5b368febd86b8ce9f888b8532c59de2 84 81 20400 1985
9d9dd5895b89aaf877f98f60c5cf75fb6cc503ad4b6088908900a5a9b5970a32 33 33 4723 997
57d6ac1b97dae350b08802d62f717429a1797cca815a8b8819348aeeda58dda9 93 88 32387 1811
873474e304bb774bd738e47d6d20902e9ace4fae5a49fc821c0f568ed14e315f 76 68 29148 1093
220137ca130b95595b0719abd2df655cc098de609bac14a0eac2b942bf5f5a7a 136 132 19643 1336
33625bbaadf17b7fbdaa43ccb9b9a04f95de9399b68f42831b3da8fe845d9af2 14 13 2523 60
c18f0fe60a2b3e897df6d2c118be2f45a23b28fe0db988192cd01d04a8b8174b 1 1 41 0
35b6aaeedd14209fa5236dbf9a6e0dd9e467692c6d0ccd5ca737ce08ea284a81 2 2 43 2
7f13fb860b0855a92af6a6d53cc5dd5fac913369468f250163efefd4cd036cac 1 1 44 0
701f25bbfdb13daf24da359fa9e2baeaa79adf945cdecc66d395afcc12d7b368 1 1 44 0
a77a24587399c8669c05f37e28250cf7546072df18d7d2ec34f55cf33eea03b8 1 1 44 0
75ec7949ff2f453bd4acade0b04de2bdcab14e3f7772506c56b1b1de8159b86d 1 1 44 0
cc10df53b6e19a76167d8b0c24991a90a3d5756e57b08a0d42371f01e437699a 1 1 44 0
0b1b1806fc4ba28445d1ce9279d3ed243f87243ab85be045a30be3f49ed5b7c4 1 1 44 0
e836b6f43d51c6d331b947872f63a6edde15c85174d6d25aae7541602e7394fb 6 6 1925 35
cb981001a2350ecca16da620e0e3e97f6ffabf62a8346af62ac677fc44c78212 1 1 44 0
905289c5c6cb57a424f5961a435751e30a13e9e6d7c4992aeb4617b3bccb667c 2 2 44 1
e5cf6e37c16c16989aecf374f9fd2640c004d16e0fdf6f8ac8047bd8b4f4e7bc 2 2 44 1
a1ee30f8a358bffc276d9a814c02b787a944c824a3b17c98c03c2fde292d8c00 2 2 45 2
c8961aa384846756426936793662d2072b77f89bee7437c0044f03e08640d492 2 2 44 1
b5153030fec3ca94428b169b9cb62d5a9cadd3b26cd5b32446d8e7c4317dd848 2 2 44 1
7bb57b2249dae7bb1106b505b44e3d376ee33166257a9a8cb17ed44c79d5bf3a 2 2 44 1
0df0d99f6cc8f0115925dff30403a0bbf7e652633dbe73272f1a954e7c1d96b0 2 2 44 1
b5b03d3ed5f949022bbe858849621aff574caabcc3d5f3ba38563b0fc7094d5e 2 2 44 1
44d5e5159db9e4649dec16abbb25e4569cb78dd1a3be904d235157b8f7dd9871 2 2 43 1
f861dd4881f2a9b303f7b195e77f237c9ef4a160e0ee35f3f92bc8946cf5ba8f 2 2 43 1
19f8802eb9df83ef1148263fe3fe533cac8c8fd1a1e524965ad2ab77a43ec6ee 3 3 65 1
ec3287e7c2d151f06da53c7e4d6dbddd760f6ad8480c97850cb82aa0537ac965 2 2 43 1
01a748657bec51a9941a05f3f3a793d229654143b71828712ec935212fdada10 3 3 66 1
d365df8ce4451a2d2c2507b23e0c5a79d61df28f154c6d6ff288a50eba933d72 2 2 41 1
33be46192ca5c8107e76881ab02e97c0e55dd35685cd635370e9ca9cb6136794 1 1 50 0
479279c99d3b048eea14eb91894d419e55b3d2043dfd72ee6e67806653f22298 1 1 50 0
822d8993766b8d11e7e2d68616a0d755e5c60d989f451723dae8e37d28bf2090 20 19 8941 278
830b5f8c3a1ad891a650100df906abfe1b833d3194154fcf511217413044b67f 36 36 94293 25375
81f08e507b744d7c0083cc04d7473a6ffb0b743c2423b559975f92f4bceb5718 39 39 14138 3538
41470f8d1bee99e7a17dd1843ef007f7e722ca24ab1237a91d0c358837005369 21 21 14849 1549
db6c4469360787c409aa66b69f88c675a6d1f32d7c5bb2c222063e6e4fe5dfe6 29 29 519772 2856
d70b3bac82e8b0cf7ee255c2cc05247f6c379a0a53fc00727f26966d72b4e62a 7 7 794 27
acef2d6b80050dc83d6d988c9c78921cf25c4815001c4133fdb4b6cfa740331e 14 14 6365 1295
e676ff759bbbb5d4f70a2edae99ac37b0c19af193398288f256bb4ddbce15355 24 24 7706 1346
9b2ff58034577f4638102a1800bd3f7327b6aa75d06ee74967a39121f4738e4e 16 16 7600 1363
9955fa582483b6b3e7bb813681bd0b06fba2bf9ae1fa37e476d846de0c9e26ef 198 195 309298 66131
8871653a888e59fbfc81a6424cd17150040bf5870c40a5ed5efe8e4e8fb92084 30 30 5050 327
